1 25 25 25 25 100
2 20 25 20 25 90
3 25 20 20 20 85
4 25 25 25 25 100
5 25 25 25 25 100
6 25 25 25 25 100
7 25 25 25 20 95
8 15 15 25 20 75
9 25 25 25 25 100
10 20 25 15 15 75
11 10 10 10 10 40
12 15 15 15 15 50
13 20 20 25 25 90
14 10 20 10 10 50
15 20 20 10 25 75
16 5 5 10 25 45
17 20 20 20 0 60
18 20 10 20 15 65
19 25 25 25 25 100
20 10 10 20 20 60
21 20 20 25 10 75
22 15 10 25 10 60
23 25 5 20 20 70
24 5 0 0 0 5
25 5 0 0 0 5
26 5 5 5 5 20
27 5 5 10 10 30
28 25 15 5 0 45
29 25 5 5 0 35
30 25 25 25 25 100
31 25 25 25 25 100
32 25 25 25 25 100
33 0 0 0 0 0
34 25 25 25 25 100
35 5 0 0 0 5
36 5 0 0 0 5
37 5 0 0 0 5
38 5 0 0 0 5
39 10 0 0 0 10
40 5 0 0 0 5
41 5 0 0 0 5
42 5 0 0 0 5
43 0 0 0 0 0
44 5 0 0 0 5
45 5 0 0 0 5
46 25 10 25 25 85
47 25 25 25 25 100
48 25 25 25 25 100
49 25 25 25 25 100
50 25 25 25 25 100
51 25 25 25 25 100
52 25 15 25 0 65
53 0 0 0 0 0
54 0 0 0 0 0
55 25 25 25 25 100
56 25 25 25 25 100
57 25 25 25 25 100
57 25 25 25 25 100
57 25 0 0 0 25
